0.20306332526797774
0.09896886657365193
0.10135836115752678
0.08828096047628184
0.0903617133445857
0.09207428448608053
0.10060968374246664
0.08417988422629709
0.09753164904740233
0.09500959347762458
0.08987342282496613
0.09566950178164767
0.08988242532858824
0.10030385346749267
0.0847912522919229
0.10339089454741737
0.08525909473566592
0.09077070069815732
0.08288041199928647
0.07878418790188915
0.06931089013332026
0.05930061756420099
0.06866572765518064
0.05647375998891714
0.06408674982088358
0.0450814011117141
0.03618723040846925
0.04545118833742255
0.04185898699768078
0.025400634384951142
0.022269708856827098
0.02277236933755115
0.0258330053484301
0.01859877512171804
0.023479318801031965
0.034260340717957596
0.016284241350282905
0.021025689873555846
0.0164691926480576
0.028743894016662053
0.02661037968241542
0.012129859563394628
0.01902408821053364
0.010823471371806262
0.014922121562318175
0.008480985033351526
0.012560446966869547
0.013599142701898317
0.009076845550521285
0.013619764934845994
0.016743451728480026
0.01674702651172871
0.011921061446627471
0.008458626386200416
0.01223580878710234
0.013810579891133951
0.016321931031058102
0.027570735397221328
0.012582422301662854
0.011021487568692742
0.009077348166554871
0.009916517077349299
0.012436398445768512
0.008126972713094137
0.006902914677873593
0.0049899719732309
0.0063825134362141545
0.006922282994383688
0.0036440577925518575
0.004249564378584154
0.004584733803035616
0.004553503013978837
0.004708427530362075
0.004018374209672865
0.007426733243678586
0.006862070925335222
0.02270888837663742
0.011511607229578185
0.010066702623860143
0.00915706360130903
0.008740628065883292
0.009547566239704186
0.011754457376702485
0.007955637965185693
0.009251865493865963
0.013181683842888458
0.006709731020876569
0.005481549765384192
0.006300060416029539
0.004969633865993725
0.008970252665440078
0.005333776898656499
0.008587434777620365
0.0044195043022360915
0.0056973873696759235
0.003836422017995967
0.011885773294537152
0.006547645174955817
0.005935428751766356
0.004157932955245339
0.00454655072406904
0.004990514928750579
0.005019498700084097
0.0044982856315682156
0.006301627510013253
0.004794053281690931
0.0048632470737110115
0.004811963712210793
0.003725204743177386
0.0038322728309335584
0.0043782501603460205
0.004146917727493962
0.0030989858646144836
0.005226373987214557
0.005221680344440792
0.004193972890106807
0.004902226420459261
0.0042025491901720195
0.0034346931855572796
0.0033238763741311257
0.007406267163293179
0.004912169746143465
0.006009322419726547
0.006887721276309454
0.003765876464201328
0.01117837042108954
0.005429598912664183
0.0057365623128575296
0.005252208444980057
0.006894313891407459
0.007188764574220394
0.005589444111029167
0.005039871329709098
0.004686705876640489
0.005156922967377452
0.006617322246610781
0.008960445661901417
0.005288263320357792
0.004060940834630446
0.004032219302281604
0.004083502461613657
0.0029434310902516385
0.004251870372421396
0.0029077239906556626
0.00599157178601888
0.0040746045478572464
0.003941720660102583
0.004088621267973373
0.004135175534316855
0.005688074815705061
0.005453225570911736
0.0060973688674041005
0.007169893564117225
0.003815713781501269
0.003954117844907015
0.00465963354740128
0.005405845616772178
0.005032085463064322
0.004508370568396725
0.005606470926626913
0.005494550906636921
0.006885435794405419
0.004339005097633901
0.003301665615593324
0.002802563476685229
0.0026079235516833004
0.0076862688001407
0.0048923638976437304
0.004497320206434948
0.0037468765360167793
0.0050110106860492155
0.003072493177245175
0.009644896497279572
0.00708649341433612
0.006979233512125738
0.007710066940634024
0.005147161283692446
0.004746528901596263
0.004598618584152502
0.004117910194062805
0.004643655444392261
0.006354956433670306
0.003959888872422404
0.006231144630947445
0.008537606816032037
0.007967642721924302
0.007105108463156899
0.003614149406212745
0.0050049532237270815
0.005521884371221686
0.00594682418878365
0.0047325100899095005
0.007953481617825348
0.005553231561996784
0.004087123901634301
0.004685682455170914
0.004356555038858199
0.006505903199614584
0.004201580253735621
0.0059535482022368335
0.004330128739163584
0.0029081848937109428
0.008491663175443953
0.005024216166743288
0.00502719775912666
0.004497718018519892
0.012328783671956878
0.006442323317541965
0.006494428004618754
0.005582486088624034
0.005253047628616162
0.0054086323686982594
0.0045816231458852465
0.0045223251019347365
0.004634603905671364
0.003594901561367728
0.006018711312749798
0.00599667873220744
0.0034476958116592465
0.003825629115516402
0.003445240891790347
0.00616532492270831
0.004466041517982331
0.005533577213545886
0.005838316138287255
0.006051550748918796
0.006533128699141327
0.01016163397541435
0.007120567405006115
0.005024441197560391
0.0035651099390772902
0.005051049308022845
0.0053924406545901755
0.006653806272515816
0.005399548312998486
0.006451158679564933
0.004224518117544673
0.006231320422612575
0.00596853474506334
0.0071060156842045665
0.007609601330665812
0.00810043648161705
0.005874130803289936
0.00477529520032937
0.004174695590085859
0.010356912241491552
0.018456530835861386
0.009267428176716988
0.005313429319662386
0.009592262104226547
0.007007796654820007
0.00827086899413555
0.00608490755146684
0.006660622067123562
0.014327008986974202
0.006634357905481711
0.014304656029212182
0.014128270600131825
0.011640934396450905
0.013867351094229673
0.00960325441498351
0.00786433686353061
0.010745620156557986
0.006724831502670272
0.005582935857910917
0.005591243706589479
0.006634246606640561
0.00661053500928903
0.009705285151348277
0.006849228915888761
0.005842996833772132
0.006635287741386426
0.009964600261640238
0.008181844670079066
0.008411251968862254
0.012827745456027278
0.010146074909392082
0.006076028970083167
0.006640009241863455
0.010161190977163692
0.015746922622130236
0.007699567117895965
0.006830617509728594
0.010062832033216963
0.010591363351272063
0.005422383043339722
0.006230401753014378
0.008181649426021793
0.010290417412101674
0.011367675817199156
0.010804022640077
0.0072875642378749965
0.0054611328037156
0.005763942896072957
0.009833665439950262
0.008321071352485833
0.009830711474668848
0.01412576776811618
0.008961959439405994
0.009331379505327482
0.012031244026470914
0.009195101221858541
0.008271793254625586
0.013161466375534217
0.024947402244029006
0.008753915177201173
0.008872935351325495
0.010963709083989848
0.017963133087412993
0.01742262586603283
0.01124341416306626
0.01336507618635538
0.015777520763338337
0.023267045350878417
0.01156725718498474
0.01015345043190262
0.009735362452102377
0.007010221576566949
0.010391776793394439
0.01140976354290988
0.011603533815948426
0.006199765780257527
0.01597965050483275
0.0083935750547324
0.016119978935176114
0.008796953171933988
0.008429837833950514
0.010958227292197633
0.005870458387221058
0.008311580098886651
0.005810497898487062
0.011655159853489949
0.008587290853501187
0.018173788084648118
0.016305095095933492
0.015594024974027653
0.013994490555758844
0.009474613525388831
0.008786258183130197
0.009855637752731931
0.010462256759776554
0.014799309928691249
0.01400854483489906
0.010715166267154517
0.017674801896423883
0.012423226269774802
0.020875241806367763
0.031562721221350495
0.019393102756879485
0.02281065913456877
0.011153211503107153
0.013408723961266902
0.014784185608201392
0.021819489665502605
0.04264939532281228
0.02601638416867744
0.020342799279702426
0.01844020367637088
0.01599029365467209
0.031224994084675557
0.016096529916963368
0.018740818002599524
0.009255352484812303
0.011630775579534378
0.010195515443897489
0.008249523062652538
0.015536026707616672
0.010650327154500285
0.025198764739762455
0.015523023352227888
0.009222100325538014
0.006973028950413398
0.015340978140859305
0.007966175857109162
0.015976053910285365
0.012578944576495006
0.009831630916392218
0.020853801292633166
0.019865603779838585
0.017545053338017765
0.01925219839191676
0.015133695595537094
0.011466100049338096
0.017344799517775407
0.020360535267467318
0.014890559922994453
0.014061510561673886
0.02192294024151087
0.014634670047525757
0.011869459201713074
0.013774789357714265
0.019215240693391096
0.032948349487047085
0.016955249223473662
0.021101321680403545
0.01462786282886531
0.01985076130665236
0.012231118894884303
0.014846374748253444
0.014906834170879714
0.015562221796690267
0.012027186235642327
0.020715411267858076
0.017467373709695158
0.009408214588319207
0.025796471449602287
0.019542703294090837
0.030988700252525096
0.03218058904964727
0.02881034314645177
0.020510675904388414
0.022650987889921616
0.016819561392213536
0.03212763091248537
0.0205932064601688
0.012244048441398155
0.013621477049520263
0.01906159318934899
0.011102439855385384
0.013581684234333936
0.0105021159525173
0.026441415795773276
0.03665759604099209
0.020350980163555923
0.02135050210570645
0.027116080710052917
0.01872954076276825
0.01997563080739098
0.018591686288305966
0.015109821918379455
0.022227206029299274
0.0185702926745444
0.022423839278212912
0.018826615777100552
0.030268829751835962
0.012279839362939754
0.01760457879190251
0.009696546826588772
0.02066443111109071
0.021930182131407475
0.016696076628715313
0.02390250873158206
0.010682816009817495
0.012200363909820974
0.01748287101844766
0.016811148352828417
0.02350661617667007
0.015507883892329342
0.018543700806265825
0.015817517505389657
0.01722143712498427
0.022652979507536048
0.01796971776534404
0.011048444463935794
0.009536073379480474
0.015773153287792167
0.017320424613700862
0.014357986600955846
0.01939399718644431
0.013928962672525825
0.016807266677103905
0.027709392635747086
0.014597284959218101
0.012067085581662395
0.011994725428208567
0.02190735945902009
0.029547887855512375
0.024553207001898766
0.022157422465240866
0.014949326328252776
0.017289137540678113
0.025591076234928494
0.02201114436746076
0.022839676906899205
0.014548439321846069
0.01211498825526542
0.012741982165030362
0.013806147944410607
0.011281967646959852
0.01236332137952969
0.017758851829239898
0.012067333103788488
0.009061863715428702
0.018292417852720896
0.02436098264684324
0.015387061281392176
0.0230954028221863
0.010845922322025612
0.017362426052340892
0.01608726495843702
0.035034968201546224
0.01719426190271726
0.017497511300163332
0.022883853488222264
0.016085756492472646
0.018551856940934402
0.02021505215371155
0.030562267697518145
0.014616069968785901
0.015663212261115
0.015135900347759865
0.016380993837946986
0.015590783957101112
0.01603166488262105
0.014936796800284554
0.010560081192725885
0.036433762723153
0.014871497338950669
0.017477747820487305
0.02076869925741051
0.013555077466164448
0.013002104637826665
0.019189960756301288
0.015244990249729194
0.015113361684978427
0.025536687588608026
0.01796585962880471
0.015662891366365964
0.00825046970539028
0.014093011613429218
0.027192182251924518
0.027588306909221597
0.022556049591732387
0.022933379013777504
0.021415071550569452
0.02203428696118152
0.016603873822049663
0.011965185593273805
0.017408811397214462
0.014554331111930947
0.02178459244387413
0.022496437414741884
0.013178978089841791
0.021036177612673505
0.013652358634621303
0.013162233291560889
0.013914620700895238
0.01971783224366297
0.013148456535690693
0.016822249283474616
0.014395404712063912
0.016843355484276283
0.013434144933250132
0.015103609809493752
0.017440594980975846
0.016665417525133806
0.01376083596669398
0.008913242550428961
0.008519678478140414
0.014765793433357178
0.017465599942081682
0.01274860665821988
0.013499448620736015
0.015765688846102088
0.013447830789450992
0.010858265418342013
0.010820880283555264
0.008326045702929864
0.021638975424771865
0.017202322374895614
0.011327721375702694
0.028970186205006777
0.019899220254277983
0.00988364522469749
0.014264983125942236
0.026459000294382293
0.023951276459829293
0.015150418710025733
0.02022672023643903
0.015416972369687858
0.018932949956934505
0.021640886423466038
0.019373650772675596
0.007896006343331008
0.012900040950840791
0.013979508607881776
0.011757300202431072
0.012091801145687526
0.01200397980567905
0.012363376926474606
0.01572002468883496
0.017584074970512606
0.010046801476524057
0.01785449051401523
0.01668265596642787
0.02756387562407637
0.02332932220856659
0.01633051797846106
0.024837599911544002
0.0151430912847544
0.010205926175875289
0.029337058406977735
0.020085849874765065
0.014142617614388538
0.02535032807069945
0.014830870734617798
0.017493923091387698
0.025734836048995468
0.01831624187066376
0.018025385684721795
0.017144520919633248
0.01347030632770192
0.015795779654476882
0.009790253459599366
0.011336021376104871
0.014854656446255724
0.01498946808438051
0.027669393447778648
0.026640794439737173
0.020687345472876657
0.012507102250107097
0.01645111223284509
0.011039846100500229
0.019790759578912867
0.010632444504217763
0.012053638298430399
0.01886527729786744
0.016505458443594415
0.03027466359378366
0.027259203051936173
0.031990795619680275
0.023954693069087374
0.02827452598301499
0.016887359375799188
0.02045168424312701
0.02940949241959891
0.026139978043731603
0.011646082669496441
0.006609472220537665
0.010198460641855771
0.008944913854036502
0.016459042808467998
0.019188449516579442
0.009919714466077435
0.010445435256527363
0.012423201501174264
0.014375325488251435
0.00862929858935631
0.015732306100227536
0.01912124204822738
0.015965626343769867
0.015651090357172097
0.012756562156070078
0.011448954271061981
0.01571684183501187
0.015383375504751334
0.01758809351084896
0.023813264252577696
0.011334362042485932
0.011472496877670383
0.010265100848758847
0.011708747235564584
0.012771491416376814
0.013194768372917427
0.022414936208002813
0.016720415196963944
0.010815013494249091
0.01644227688863635
0.02283297203397302
0.018020049702301102
0.010649833024486507
0.011788285252495903
0.01331434414772025
0.023693043566636218
0.01059165461612633
0.014363300458718382
0.011824986161254086
0.02819972133715741
0.02307298290372538
0.018635103092153067
0.015095898658081523
0.02453672247580186
0.015880893273266992
0.008781401594098135
0.02340079064078179
0.017510333318544485
0.02590680410591867
0.012212049710105494
0.02144537840486578
0.013434871337619645
0.01695716952490144
0.02073194076009525
0.027045049629012764
0.018718469820578894
0.02511814532675204
0.026063636751673606
0.022417177541954606
0.01722642206303606
0.02199774043572534
0.026309985783217887
0.017195429802994926
0.018350403396275434
0.012724736157847343
0.024600112717076725
0.015392021067911595
0.009832813148756657
0.029021929261792985
0.020805034214027424
0.012966995845645687
0.01322399769744196
0.012649715881526902
0.019653767115259846
0.017683963730016856
0.017250119835084843
0.02097156292840809
0.026482218672272014
0.015409886851747696
0.01675196179870524
0.008339156584696108
0.012338858263167773
0.016857190798660396
0.02238089640776758
0.019676541037647224
0.030623312307918257
0.016192872693137378
0.018704396834709605
0.017136076046921533
0.01604576660549835
0.012242916670311084
0.009765981101359485
0.012231423559841947
0.021831943360688014
0.021921647755629308
0.019289695488985122
0.01960545919359476
0.026554380068838854
0.016816723597321222
0.014633575614456952
0.017885494206113295
0.010820302548997124
0.009835691006148983
0.014781182278715794
0.016776364909857656
0.012152939643006554
0.011862314233210828
0.012817936052392991
0.0145968023226639
0.013681707368788126
0.01063401412216685
0.01596789512221511
0.009472736399752853
0.012177370243996503
0.01945124262095949
0.01928061336938759
0.01689347938608457
0.013732175382003095
0.011424959807752818
0.014652533253575392
0.01586348562186381
0.01417373284687362
0.015353564744509218
0.016367431122317814
0.013595208338027121
0.02272822029939291
0.01792818922666173
0.013614753490278296
0.014771987571241282
0.022075066544543144
0.016942512749820955
0.015078124302426449
0.01727339443673839
0.011018975320056069
0.007445418082711856
0.01353771343439251
0.01597931821357667
0.018406164632790965
0.01265062168665745
0.010582272375654083
0.01853106829448606
0.013944358970423933
0.025909401543541988
0.01185121148996186
0.007821023869268246
0.014953941346972869
0.009566722558838706
0.014342840328277337
0.014025388205699653
0.01863189397585738
0.018309752609517706
0.017487897468634075
0.016770932576107057
0.011040861687064306
0.014210232344273618
0.011917811098510771
0.017319258082201444
0.013792156024976134
0.008811766537052795
0.011320297659284948
0.012824287608091647
0.009949138046893747
0.009254205269446838
0.015020162169958726
0.013909219432868587
0.02107732003978932
0.015591747181927833
0.013989253061607915
0.010426853864253387
0.01020336650616738
0.0161799348087489
0.018595963073855946
0.01684253150913178
0.0330244777795118
0.010599345047919428
0.012640374174593686
0.02579683857669814
0.016467586499761724
0.012381823959490227
0.00958132400700118
0.01652858050136575
0.010004423867210814
0.009421636508759653
0.012650504068965677
0.014290306271764624
0.015236922351673052
0.023697853837556276
0.01425889347466092
0.011175548397056395
0.010768235805040206
0.009885397750931474
0.02220886517007661
0.019128163493685506
0.024017927522595857
0.018201380494865145
0.023325238880288496
0.016898358548495883
0.019036863104846164
0.008266554127413022
0.012140828989861437
0.03706989279040314
0.01601878798744214
0.02053597035112526
0.019618773258175695
0.012329365389975686
0.016274990693789806
0.011577699693984133
0.008090228689659197
0.013543205415931516
0.010012016180473083
0.011945402498629852
0.01629596466145354
0.011641041197665385
0.014885531958285458
0.014249203715825894
0.014116971778576794
0.013840570301390413
0.009118110921607815
0.009456393463200343
0.007970668838338255
0.024231175373491776
0.02199612888640788
0.013405165289892579
0.02263496382248104
0.019757927622261313
0.02478177242469548
0.023838648869497936
0.022703964248442447
0.026956160411929348
0.01670210506264951
0.0201177365760127
0.01221190812631933
0.013239926281789428
0.022142628850634137
0.018522366202934803
0.00931646217881289
0.026315739498203025
0.012648906458393904
0.019025682127251312
0.014351448548730647
0.022115746311487793
0.012266445426047216
0.01914456079024403
0.011637834441213551
0.016973945927563704
0.011498797918269672
0.0162618253388222
0.016878460232018187
0.009860940225232486
0.028986499021824007
0.014403886896156383
0.014126637535972705
0.015602595202742006
0.013547828636315023
0.013780428403858328
0.015445930150526421
0.017090052168165143
0.013385018283277993
0.01164583685230602
0.009399501399117577
0.00831523581145097
0.008492304081284607
0.015292328203053865
0.010071117143498879
0.014073379776857468
0.00993336580463218
0.015948740956885626
0.031032070045540754
0.00839320297761741
0.029005727512133893
0.018181108916931685
0.008244201148067254
0.011246185094685408
0.014128888306728985
0.017760219924013918
0.01690102443321361
0.013366808209769166
0.008609362357462114
0.013649947828451348
0.018446389231655678
0.013702139435359674
0.01790591800929051
0.011102988915422711
0.01765766831566217
0.007655923385241357
0.011270574673696859
0.014104292252353785
0.012039577158328396
0.01955581302308301
0.019221434894622844
0.016463937087634942
0.023434975407755198
0.017399964353356515
0.021140682928956413
0.013608150645698919
0.02195282913553828
0.011328388424196367
0.01517437985129467
0.01940969106547865
0.011957388814251303
0.012062053342280128
0.01050556819044794
0.011251521887486486
0.009202502364743365
0.02659644964503565
0.013218472231704016
0.013344700511558134
0.017614759433315984
0.016632195618166402
0.020682275506013415
0.02944999354314045
0.014583999382215967
0.016754950093071003
0.014656206300579198
0.009349015484688146
0.030008093170363875
0.013972146199746753
0.014282330295522132
0.026553480689506765
0.012637239750479094
0.011360365089872586
0.014714444185243964
0.022231101267080056
0.01041936360161727
0.025481582251172485
0.041118837500899647
0.026160180344872115
0.020099949542648383
0.013436593492769672
0.017214705943392545
0.011604540457925272
0.014096401057639303
0.008670193295010443
0.016043222410504515
0.013737349758487909
0.011489377008636708
0.023882639326200307
0.01074527672523684
0.01851795473267755
0.009437139756977157
0.017545484667006273
0.02869259169849269
0.014101787240806993
0.011758006114346449
0.013162132135435718
0.013771466427333746
0.017088245665878837
0.017263662962808353
0.01075445836553335
0.01029601893967595
0.015518716606180392
0.010153199303669397
0.01659437129613179
0.015505404376158922
0.01240080708406564
0.015258076955422827
0.014456854778451463
0.022301032568219473
0.014367050373378978
0.023920573275794818
0.01597551344306771
0.020820236466156418
0.014411183862767709
0.016326186245081187
0.00911199490801566
0.012325834576847366
0.01595882850589549
0.013729614176437274
0.015527748144552418
0.017090560105157103
0.009259128854464775
0.012625010426116055
0.02050797449836343
